$ANSIBLE_VAULT;1.1;AES256
36343262383237333333616366646562373564643435656338343731373164346261376462316362
3331663532663462316634623861623161306365656561300a653438636661306264666539613434
38666636333339316666643661643966386466373166343330383930613538333933366466303931
6163356234376464340a373361326365633231323135336265396633376363326235313634646164
31616137376337666132353135393466343636626466613366313538633263646630313963326132
36663736333664356432633735333339366463633664303766333239373566663330656430393033
38333437346262313238613464386165383739323739303831316561623761353333663961333462
64343764343162666135383466633962316363356463313934653366643665383061383762656365
66346638376437356262326237646632326164666661366563333861663834343638663934343032
61626536326564633761633137323762373435386138336638313832646432626439636666343133
39643234306337373661656564636264633936323138656330636132656133653564383264666465
63326230656235363332336536613365666237653633616338613761343864333039626263613530
66373166633166326337343935666265643039396330383332643632383137613463633637636165
31373536373133653339346361666531306434653266613233326362356538643662303966623033
39386133326535396437386438643064346234333233336666633334663366643138353136363261
61313033303931626661663038336338613637383263346231306564323832356537343861363364
64623635336662316533393337376162313035333934643439363535626336303062
