$ANSIBLE_VAULT;1.1;AES256
66326237626262626163356534633964623234643737616236336230353239656539343938316133
3361383462663531653838623937353361373333663165360a653035353532663438653661323464
63336339363832363037633239656161366531626335386433623564623362383066646130663833
3234376337663039640a396137313237643335313763383861666262346537363563633764313538
34333433383531313661356335376637653161616265656230376563373335396138303330383239
38366163336566373833616233613663356233396333346431353236386130646633613932626331
37636534363361393661663638306635386465333163613035663266653235623532313835653561
39623037386439643336383735376431616266306166383261653536346435336538316364626135
65396662323765353239663038336265313437636361663732353331626437623466336138623366
64353866376336306532356162623634616238376534616161613735643638646330346263393637
39346664396235303062393437333635383837366436333535346164636464343733323639333739
34626266333638653364663562313531656231653464313032323934646462363135393464663730
66376638633862366562393736306265616565323533393461633934356437626634343164346233
35613664653632663364313439343938616139613133626437363437626537636530653332363437
39643531623434376231636437393632326664623334373932383362326563316662653235343361
63313637353538633836646230623232623739356438386637666331616232323438666430376331
34346434303330656531366664313066373937333963396162306131386439613439656265336135
36373838323338383334393064306634633631303363323837666161356466623036326661663266
62336366366234656362656563373463373736316539396235633630313264303166326134323866
36313237663066393532623864613866343630323032333236373231393934373736326164366630
31613462306338376638653532393466333437383538366638663939363531356135306364306638
33363135613737346666333563663931343931623361633130653431303463313030613537623664
35316564386438346339383166653633376436646337333666653235363762373535346334326335
30303030653932616432386262313530393036666534363738346437316136343661343934303964
64306566623235636233376465663333666163323665663662646262613535383230373635343463
34666231653831373738666130373835353538666632613764373736386265333061656161646531
66393533376338323937383538653537393263396466333834623935353731393139636464346130
65393032353030323435376331633735393332643936653032643539636466616333653436393564
31656139656435326330613132376639623535346137623630643134323731643130383936616565
30303039326436663532373032623434616132623532623231636334353965306163626637663734
66363066653833303033353634306662666462306536663738396331643732306238346637646462
33333562643065306434316537656134383132356334653131663566343936643734316266386331
61373833623864613031386161386161313238643861623734663963623937653937646138646131
37303661383935653561356333373430656234633832303234643232643035386132363263393530
66323131363137313764303733633434613738353737343063613136613836336464646233313333
30666437616537323266623533333331323265656536386632623030646465643036333436643739
65373836333838323731346231326338333132643166646162633233643263313935383439353765
37363938356361386262393535356536616535636230613965343338323135303861353764336231
30393964373966393039656166636461623733303065323461623137376334316563636431346265
32363734623231663861613564383364633266326636656664396334343737383035613163363931
37343334373262646539356239633638646266336536346661323430373431336164623535393662
63643136623863623132383665303530316163373863343734656563373237343239356363616339
63633566313763316130653564653466346437356239336432306265656362373430326261663839
62613732363433346333316331366364613364626136663937393564393538306539383963366235
30333639396136653637373366666432356630656238663563663739333837396530326238353030
30366530363631313334643038666661643237326531663336323033383839323732613361333561
62663937326234316438613361663166626565643864653364623762333466396266386238376532
32373362323834373836613930356237326661623364663964336566376338373161386362636666
34633465373437626162646136633237623133323064383133336439376635393664653039333366
63306233353038616665323734363037666130376566316163323537373662316263333530363936
37363730613034303932386335393538326365666335633863333936613561353834306130373731
32633035366462333766626466333139623034636432623933303264323931643537303363636236
66613734653234643463616536353464343664376338323630356466656564343831656163616265
33663865663639363331616632363639633664356363323537346566373739346239396135343133
31326361326666383231633337366537653030613836616135306332636163663138386263356331
65383839633433326630623039353764633661383430353837656131333162353264343034313934
63306363633138666261663832643034386137663263303863393464383433643437303832386262
61353137636137616333626436313036396530653338653063396434313737326638333139316438
62323239643963373265353036343830623964383431336633633863663135633030663334323535
35343931383639366333336135353064333939613237626135636633663162303264653261386266
33323563653631613764346463616365646465643831646362356331316166623234613639636634
30343361363036383032656138376536373234333239366364646532633933313336353739613764
35383161653164303635323461663434303365663834366430306131393834356630353263383736
31373436306632303365393230303937363237383239363166363638613034636633306534363861
32396333313765373731396334633465326161656566626534383935383339313231663065623231
31356561316235623431303835326239383336623764633566323362393430376564336563623532
35663333623962323334346164303762396163373138393061316533643332393665653362626265
64396164376363366131323334623764326662613164613132396633396334643066663930373233
63343164393437336634393130393634336238306564373638313932383030303765363832623432
61353135326537626433306139333834373338663530313834663563663361353634373332373531
33613031343036303335393863316362303337373737633335616462333264353066656635386662
36393566373635336635396537386638616565333330643831346137653432346263306261663131
37343233363537616238326562343934656630393465663964613137383165633837646365316137
34643161373237326265383931636130333234643136343263316432653833353535343932316531
36643165636232643334363261663761373234653864613030393362333764653436353263346463
38626535643135343664626432376637386664623434316439616634323863333166653863613939
63393335633236356134323262663030383930373266383435306538613636313831666237653934
33633930653236653631633832316632333633346362343437313236363839373263663432346664
32326236346263313732646161366334623938373339666464646537616233353232663931356236
32663430616433366463613334623630333463303065396161663134613737623030623663353034
35653936333334646235643562393164643035386637633135353563386332323563663039353933
35633139386530313737376431373461666130306465633337613833303038616537313638613637
62333765663237393931373630313361343930383936336639383234636335336462366561303766
36383138303462303466383765626638306335366263386438343862306237343263336437383535
64613131353962636563653832383535323639306530623138326637323861356231323436666639
65613138343366656464356339383032363061663338646635396638666638666564316634326433
39393762356636333235333337356261336536643936303330393266663431373637336237353536
66326531643631613465386431633964326634323463373633316166636463663735343136656438
36643962356534393461656163366566666132326666376331353263353530616463633836373237
37363561373339306430323834393139353462633864336330646234343831396536303935393233
31313732626538376361666430366162323239323862633136323739623139373238396663316362
35613637306133373731396566323434633231373063626633666138313938623937633838616564
63623135343362363335393730623265656434346535383162363537343365346462373933623038
34666130336262633531306138636633386363646261353131373361383539646236636334343237
383834653339373566623464366435623566
